T: 94
S:15085
E: 3827
I: 209
R: 6
Is: 141
Q-S: 531
Q-EI: 201

R0
mean = 7.2253813558633135
stdev = 10.83350064143695
sdev_m = 0.05024920534671068
